chr1	0	113722028	249250621	0.456256
chr1	1	40467207	249250621	0.162355
chr1	2	30709818	249250621	0.123209
chr1	3	19982507	249250621	0.0801703
chr1	4	12927015	249250621	0.0518635
chr1	5	8379622	249250621	0.0336193
chr1	6	6358000	249250621	0.0255085
chr1	7	3830810	249250621	0.0153693
chr1	8	3799607	249250621	0.0152441
chr1	9	2905858	249250621	0.0116584
chr1	10	1488660	249250621	0.00597254
chr1	11	1036768	249250621	0.00415954
chr1	12	779079	249250621	0.00312569
chr1	13	530310	249250621	0.00212762
chr1	14	478594	249250621	0.00192013
chr1	15	262690	249250621	0.00105392
chr1	16	233243	249250621	0.000935777
chr1	17	163295	249250621	0.000655144
chr1	18	114939	249250621	0.000461138
chr1	19	79679	249250621	0.000319674
chr1	20	115885	249250621	0.000464934
chr1	21	51833	249250621	0.000207955
chr1	22	171785	249250621	0.000689206
chr1	23	92883	249250621	0.000372649
chr1	24	143467	249250621	0.000575593
chr1	25	145467	249250621	0.000583617
chr1	26	42859	249250621	0.000171951
chr1	27	17886	249250621	7.17591e-05
chr1	28	11681	249250621	4.68645e-05
chr1	29	25130	249250621	0.000100822
chr1	30	18442	249250621	7.39898e-05
chr1	31	9178	249250621	3.68224e-05
chr1	32	9940	249250621	3.98795e-05
chr1	33	4651	249250621	1.86599e-05
chr1	34	858	249250621	3.44232e-06
chr1	35	2115	249250621	8.48544e-06
chr1	36	443	249250621	1.77733e-06
chr1	38	1683	249250621	6.75224e-06
chr1	39	236	249250621	9.46838e-07
chr1	42	1928	249250621	7.73519e-06
chr1	43	27710	249250621	0.000111173
chr1	44	6332	249250621	2.54041e-05
chr1	45	2840	249250621	1.13942e-05
chr1	46	4561	249250621	1.82989e-05
chr1	47	42054	249250621	0.000168722
chr1	48	22946	249250621	9.20599e-05
chr1	49	19307	249250621	7.74602e-05
chr1	50	6637	249250621	2.66278e-05
chr1	51	155	249250621	6.21864e-07
chr2	0	116097320	243199373	0.477375
chr2	1	43996507	243199373	0.180907
chr2	2	28380463	243199373	0.116696
chr2	3	17666907	243199373	0.0726437
chr2	4	13035452	243199373	0.0535999
chr2	5	7801693	243199373	0.0320794
chr2	6	4240685	243199373	0.0174371
chr2	7	2761264	243199373	0.0113539
chr2	8	1937259	243199373	0.00796572
chr2	9	1307537	243199373	0.0053764
chr2	10	1157161	243199373	0.00475808
chr2	11	824877	243199373	0.00339177
chr2	12	841901	243199373	0.00346177
chr2	13	340196	243199373	0.00139884
chr2	14	594325	243199373	0.00244378
chr2	15	445228	243199373	0.00183071
chr2	16	463862	243199373	0.00190733
chr2	17	225402	243199373	0.00092682
chr2	18	153351	243199373	0.000630557
chr2	19	67577	243199373	0.000277867
chr2	20	216733	243199373	0.000891174
chr2	21	175865	243199373	0.000723131
chr2	22	63725	243199373	0.000262028
chr2	23	41919	243199373	0.000172365
chr2	24	31924	243199373	0.000131267
chr2	25	152554	243199373	0.00062728
chr2	26	46314	243199373	0.000190436
chr2	27	34429	243199373	0.000141567
chr2	28	10109	243199373	4.15667e-05
chr2	29	17016	243199373	6.99673e-05
chr2	30	20174	243199373	8.29525e-05
chr2	31	15462	243199373	6.35775e-05
chr2	32	19744	243199373	8.11844e-05
chr2	33	1990	243199373	8.18259e-06
chr2	34	13	243199373	5.34541e-08
chr2	36	209	243199373	8.59377e-07
chr2	37	4156	243199373	1.70889e-05
chr2	38	2936	243199373	1.20724e-05
chr2	39	206	243199373	8.47042e-07
chr2	43	548	243199373	2.2533e-06
chr2	44	28	243199373	1.15132e-07
chr2	45	659	243199373	2.70971e-06
chr2	47	1250	243199373	5.13982e-06
chr2	48	2407	243199373	9.89723e-06
chr2	49	36	243199373	1.48027e-07
chr3	0	92200652	198022430	0.465607
chr3	1	34052786	198022430	0.171964
chr3	2	24718542	198022430	0.124827
chr3	3	13873175	198022430	0.0700586
chr3	4	10369984	198022430	0.0523677
chr3	5	7605052	198022430	0.038405
chr3	6	4099098	198022430	0.0207002
chr3	7	2225725	198022430	0.0112398
chr3	8	2299506	198022430	0.0116124
chr3	9	2454245	198022430	0.0123938
chr3	10	1350660	198022430	0.00682074
chr3	11	866558	198022430	0.00437606
chr3	12	421347	198022430	0.00212777
chr3	13	297888	198022430	0.00150431
chr3	14	319419	198022430	0.00161304
chr3	15	229290	198022430	0.0011579
chr3	16	179333	198022430	0.00090562
chr3	17	116538	198022430	0.000588509
chr3	18	71000	198022430	0.000358545
chr3	19	60603	198022430	0.000306041
chr3	20	64662	198022430	0.000326539
chr3	21	23489	198022430	0.000118618
chr3	22	33584	198022430	0.000169597
chr3	23	5921	198022430	2.99007e-05
chr3	24	2744	198022430	1.3857e-05
chr3	25	150	198022430	7.5749e-07
chr3	26	20619	198022430	0.000104125
chr3	27	29461	198022430	0.000148776
chr3	28	7099	198022430	3.58495e-05
chr3	29	1615	198022430	8.15564e-06
chr3	30	7095	198022430	3.58293e-05
chr3	31	8616	198022430	4.35102e-05
chr3	32	3364	198022430	1.6988e-05
chr3	35	1408	198022430	7.11031e-06
chr3	36	418	198022430	2.11087e-06
chr3	37	784	198022430	3.95915e-06
chr4	0	105408254	191154276	0.55143
chr4	1	29988735	191154276	0.156882
chr4	2	18931604	191154276	0.0990384
chr4	3	11943286	191154276	0.0624798
chr4	4	8552346	191154276	0.0447405
chr4	5	4202138	191154276	0.021983
chr4	6	2975382	191154276	0.0155653
chr4	7	1823795	191154276	0.00954096
chr4	8	1548151	191154276	0.00809896
chr4	9	810576	191154276	0.00424043
chr4	10	667299	191154276	0.00349089
chr4	11	975003	191154276	0.00510061
chr4	12	637834	191154276	0.00333675
chr4	13	316823	191154276	0.00165742
chr4	14	748083	191154276	0.0039135
chr4	15	223107	191154276	0.00116716
chr4	16	240251	191154276	0.00125684
chr4	17	143694	191154276	0.000751717
chr4	18	194851	191154276	0.00101934
chr4	19	247059	191154276	0.00129246
chr4	20	45520	191154276	0.000238132
chr4	21	29977	191154276	0.000156821
chr4	22	97628	191154276	0.000510729
chr4	23	70161	191154276	0.000367039
chr4	24	34646	191154276	0.000181246
chr4	25	17455	191154276	9.13137e-05
chr4	26	16207	191154276	8.47849e-05
chr4	27	87451	191154276	0.000457489
chr4	28	90204	191154276	0.000471891
chr4	29	14125	191154276	7.38932e-05
chr4	30	5247	191154276	2.7449e-05
chr4	31	4227	191154276	2.2113e-05
chr4	32	10097	191154276	5.28212e-05
chr4	33	729	191154276	3.81367e-06
chr4	34	94	191154276	4.91749e-07
chr4	35	57	191154276	2.98188e-07
chr4	39	5372	191154276	2.8103e-05
chr4	40	1269	191154276	6.63862e-06
chr4	41	81	191154276	4.23742e-07
chr4	44	127	191154276	6.64385e-07
chr4	47	11601	191154276	6.06892e-05
chr4	48	462	191154276	2.4169e-06
chr4	53	8703	191154276	4.55287e-05
chr4	54	3514	191154276	1.83831e-05
chr4	56	13284	191154276	6.94936e-05
chr4	57	886	191154276	4.635e-06
chr4	63	6553	191154276	3.42812e-05
chr4	64	328	191154276	1.71589e-06
chr5	0	88632818	180915260	0.489913
chr5	1	33983069	180915260	0.18784
chr5	2	20104832	180915260	0.111128
chr5	3	11455251	180915260	0.0633183
chr5	4	8102391	180915260	0.0447856
chr5	5	5142234	180915260	0.0284234
chr5	6	4053807	180915260	0.0224072
chr5	7	2491440	180915260	0.0137713
chr5	8	1498362	180915260	0.00828212
chr5	9	1312111	180915260	0.00725263
chr5	10	913562	180915260	0.00504967
chr5	11	808092	180915260	0.00446669
chr5	12	520926	180915260	0.00287939
chr5	13	331506	180915260	0.00183238
chr5	14	232453	180915260	0.00128487
chr5	15	736588	180915260	0.00407145
chr5	16	166026	180915260	0.0009177
chr5	17	101575	180915260	0.000561451
chr5	18	133942	180915260	0.000740358
chr5	19	42682	180915260	0.000235923
chr5	20	49950	180915260	0.000276096
chr5	21	40123	180915260	0.000221778
chr5	22	20816	180915260	0.000115059
chr5	23	8516	180915260	4.70718e-05
chr5	24	2279	180915260	1.25971e-05
chr5	25	175	180915260	9.67304e-07
chr5	26	3090	180915260	1.70798e-05
chr5	27	7287	180915260	4.02785e-05
chr5	28	2705	180915260	1.49518e-05
chr5	29	2228	180915260	1.23152e-05
chr5	30	2640	180915260	1.45925e-05
chr5	31	4583	180915260	2.53323e-05
chr5	32	3678	180915260	2.033e-05
chr5	33	1053	180915260	5.8204e-06
chr5	37	1469	180915260	8.11982e-06
chr5	38	86	180915260	4.75361e-07
chr5	58	859	180915260	4.74808e-06
chr5	59	56	180915260	3.09537e-07
chr6	0	85864692	171115067	0.501795
chr6	1	28071029	171115067	0.164048
chr6	2	21442553	171115067	0.125311
chr6	3	10634603	171115067	0.0621488
chr6	4	8124553	171115067	0.0474801
chr6	5	4592726	171115067	0.02684
chr6	6	3672792	171115067	0.0214639
chr6	7	2161791	171115067	0.0126336
chr6	8	1430688	171115067	0.00836097
chr6	9	985642	171115067	0.00576011
chr6	10	677821	171115067	0.0039612
chr6	11	418466	171115067	0.00244552
chr6	12	422796	171115067	0.00247083
chr6	13	370342	171115067	0.00216429
chr6	14	213413	171115067	0.00124719
chr6	15	209983	171115067	0.00122714
chr6	16	292946	171115067	0.00171198
chr6	17	249335	171115067	0.00145712
chr6	18	198462	171115067	0.00115982
chr6	19	81213	171115067	0.00047461
chr6	20	138915	171115067	0.000811822
chr6	21	73193	171115067	0.000427741
chr6	22	45082	171115067	0.00026346
chr6	23	48497	171115067	0.000283417
chr6	24	36723	171115067	0.00021461
chr6	25	53504	171115067	0.000312678
chr6	26	57641	171115067	0.000336855
chr6	27	53578	171115067	0.000313111
chr6	28	15566	171115067	9.0968e-05
chr6	29	44796	171115067	0.000261789
chr6	30	178230	171115067	0.00104158
chr6	31	69704	171115067	0.000407352
chr6	32	24182	171115067	0.00014132
chr6	33	18194	171115067	0.000106326
chr6	34	7312	171115067	4.27315e-05
chr6	35	2736	171115067	1.59892e-05
chr6	36	53399	171115067	0.000312065
chr6	37	26755	171115067	0.000156357
chr6	38	13917	171115067	8.13312e-05
chr6	39	1732	171115067	1.01218e-05
chr6	40	8668	171115067	5.0656e-05
chr6	41	25195	171115067	0.00014724
chr6	42	1649	171115067	9.63679e-06
chr6	43	53	171115067	3.09733e-07
chr7	0	64981420	159138663	0.408332
chr7	1	32354634	159138663	0.203311
chr7	2	21175240	159138663	0.133062
chr7	3	14444486	159138663	0.0907667
chr7	4	8220021	159138663	0.0516532
chr7	5	5856916	159138663	0.0368039
chr7	6	3238801	159138663	0.0203521
chr7	7	2449566	159138663	0.0153927
chr7	8	1639262	159138663	0.0103008
chr7	9	1366140	159138663	0.00858459
chr7	10	875336	159138663	0.00550046
chr7	11	653081	159138663	0.00410385
chr7	12	390016	159138663	0.00245079
chr7	13	318690	159138663	0.00200259
chr7	14	211960	159138663	0.00133192
chr7	15	123118	159138663	0.000773652
chr7	16	143489	159138663	0.00090166
chr7	17	135070	159138663	0.000848757
chr7	18	79825	159138663	0.000501607
chr7	19	65948	159138663	0.000414406
chr7	20	151559	159138663	0.000952371
chr7	21	61775	159138663	0.000388183
chr7	22	30408	159138663	0.000191079
chr7	23	26617	159138663	0.000167257
chr7	24	40039	159138663	0.000251598
chr7	25	22258	159138663	0.000139865
chr7	26	17591	159138663	0.000110539
chr7	27	7655	159138663	4.81027e-05
chr7	28	4515	159138663	2.83715e-05
chr7	29	4000	159138663	2.51353e-05
chr7	30	1700	159138663	1.06825e-05
chr7	31	2712	159138663	1.70417e-05
chr7	32	12945	159138663	8.13442e-05
chr7	33	6746	159138663	4.23907e-05
chr7	34	2963	159138663	1.8619e-05
chr7	35	15	159138663	9.42574e-08
chr7	37	1201	159138663	7.54688e-06
chr7	38	580	159138663	3.64462e-06
chr7	39	33	159138663	2.07366e-07
chr7	43	3293	159138663	2.06926e-05
chr7	44	7221	159138663	4.53755e-05
chr7	45	2392	159138663	1.50309e-05
chr7	46	517	159138663	3.24874e-06
chr7	47	36	159138663	2.26218e-07
chr7	48	2121	159138663	1.3328e-05
chr7	52	654	159138663	4.10962e-06
chr7	53	3167	159138663	1.99009e-05
chr7	54	931	159138663	5.85024e-06
chr8	0	77933043	146364022	0.53246
chr8	1	23319779	146364022	0.159327
chr8	2	15575368	146364022	0.106415
chr8	3	8954288	146364022	0.0611782
chr8	4	7009851	146364022	0.0478933
chr8	5	4084534	146364022	0.0279067
chr8	6	2521608	146364022	0.0172283
chr8	7	1577614	146364022	0.0107787
chr8	8	1053172	146364022	0.00719557
chr8	9	941306	146364022	0.00643127
chr8	10	691251	146364022	0.00472282
chr8	11	485882	146364022	0.00331968
chr8	12	281076	146364022	0.00192039
chr8	13	362671	146364022	0.00247787
chr8	14	296910	146364022	0.00202857
chr8	15	122096	146364022	0.000834194
chr8	16	141266	146364022	0.000965169
chr8	17	159317	146364022	0.0010885
chr8	18	202019	146364022	0.00138025
chr8	19	73376	146364022	0.000501325
chr8	20	162639	146364022	0.0011112
chr8	21	28868	146364022	0.000197234
chr8	22	89550	146364022	0.000611831
chr8	23	33224	146364022	0.000226996
chr8	24	36355	146364022	0.000248388
chr8	25	18485	146364022	0.000126295
chr8	26	16019	146364022	0.000109446
chr8	27	18940	146364022	0.000129403
chr8	28	20860	146364022	0.000142521
chr8	29	13017	146364022	8.89358e-05
chr8	30	7762	146364022	5.30322e-05
chr8	31	14103	146364022	9.63557e-05
chr8	32	5859	146364022	4.00303e-05
chr8	33	13634	146364022	9.31513e-05
chr8	34	12042	146364022	8.22743e-05
chr8	35	13713	146364022	9.36911e-05
chr8	36	16641	146364022	0.000113696
chr8	37	5585	146364022	3.81583e-05
chr8	38	16531	146364022	0.000112944
chr8	39	8455	146364022	5.77669e-05
chr8	40	5404	146364022	3.69216e-05
chr8	41	14119	146364022	9.6465e-05
chr8	42	2510	146364022	1.7149e-05
chr8	43	3108	146364022	2.12347e-05
chr8	44	172	146364022	1.17515e-06
chr9	0	74011920	141213431	0.524114
chr9	1	21300928	141213431	0.150842
chr9	2	14996863	141213431	0.1062
chr9	3	8917397	141213431	0.0631484
chr9	4	6882296	141213431	0.0487368
chr9	5	3744239	141213431	0.0265148
chr9	6	3213929	141213431	0.0227594
chr9	7	2127196	141213431	0.0150637
chr9	8	2404662	141213431	0.0170286
chr9	9	950052	141213431	0.00672777
chr9	10	759628	141213431	0.00537929
chr9	11	370282	141213431	0.00262214
chr9	12	272694	141213431	0.00193108
chr9	13	175038	141213431	0.00123953
chr9	14	442632	141213431	0.00313449
chr9	15	131798	141213431	0.000933325
chr9	16	169112	141213431	0.00119756
chr9	17	67136	141213431	0.000475422
chr9	18	43923	141213431	0.00031104
chr9	19	34837	141213431	0.000246698
chr9	20	41449	141213431	0.00029352
chr9	21	22839	141213431	0.000161734
chr9	22	18485	141213431	0.000130901
chr9	23	7661	141213431	5.42512e-05
chr9	24	2725	141213431	1.9297e-05
chr9	25	34089	141213431	0.000241401
chr9	26	12191	141213431	8.63303e-05
chr9	27	4054	141213431	2.87083e-05
chr9	28	4085	141213431	2.89278e-05
chr9	29	895	141213431	6.33792e-06
chr9	30	6981	141213431	4.94358e-05
chr9	31	810	141213431	5.736e-06
chr9	32	16259	141213431	0.000115138
chr9	33	8812	141213431	6.2402e-05
chr9	34	797	141213431	5.64394e-06
chr9	35	47	141213431	3.3283e-07
chr9	36	2065	141213431	1.46233e-05
chr9	37	51	141213431	3.61155e-07
chr9	38	444	141213431	3.14418e-06
chr9	48	4724	141213431	3.34529e-05
chr9	49	1363	141213431	9.65206e-06
chr9	50	3526	141213431	2.49693e-05
chr9	51	2123	141213431	1.5034e-05
chr9	52	394	141213431	2.7901e-06
chr10	0	63064401	135534747	0.465301
chr10	1	25071835	135534747	0.184985
chr10	2	17172289	135534747	0.1267
chr10	3	9397365	135534747	0.0693355
chr10	4	7454340	135534747	0.0549995
chr10	5	3643145	135534747	0.0268798
chr10	6	2194186	135534747	0.0161891
chr10	7	1832432	135534747	0.01352
chr10	8	1473144	135534747	0.0108691
chr10	9	873825	135534747	0.00644724
chr10	10	598707	135534747	0.00441737
chr10	11	444137	135534747	0.00327692
chr10	12	394351	135534747	0.00290959
chr10	13	294553	135534747	0.00217327
chr10	14	228969	135534747	0.00168937
chr10	15	179361	135534747	0.00132336
chr10	16	124982	135534747	0.00092214
chr10	17	96074	135534747	0.000708851
chr10	18	76937	135534747	0.000567655
chr10	19	130998	135534747	0.000966527
chr10	20	118887	135534747	0.00087717
chr10	21	124059	135534747	0.00091533
chr10	22	25966	135534747	0.000191582
chr10	23	19053	135534747	0.000140576
chr10	24	31757	135534747	0.000234309
chr10	25	20862	135534747	0.000153924
chr10	26	8823	135534747	6.50977e-05
chr10	27	180463	135534747	0.00133149
chr10	28	62139	135534747	0.000458473
chr10	29	83220	135534747	0.000614012
chr10	30	9868	135534747	7.28079e-05
chr10	31	6458	135534747	4.76483e-05
chr10	32	1231	135534747	9.08254e-06
chr10	33	1458	135534747	1.07574e-05
chr10	34	9578	135534747	7.06682e-05
chr10	35	12562	135534747	9.26847e-05
chr10	36	4942	135534747	3.6463e-05
chr10	37	1570	135534747	1.15837e-05
chr10	38	7673	135534747	5.66128e-05
chr10	39	22258	135534747	0.000164224
chr10	40	3161	135534747	2.33224e-05
chr10	41	901	135534747	6.64774e-06
chr10	43	1147	135534747	8.46277e-06
chr10	44	92	135534747	6.78793e-07
chr10	45	822	135534747	6.06487e-06
chr10	46	518	135534747	3.8219e-06
chr10	48	1029	135534747	7.59215e-06
chr10	49	1566	135534747	1.15542e-05
chr10	50	263	135534747	1.94046e-06
chr10	52	1057	135534747	7.79874e-06
chr10	53	10621	135534747	7.83637e-05
chr10	54	1068	135534747	7.8799e-06
chr10	56	1392	135534747	1.02704e-05
chr10	57	9669	135534747	7.13396e-05
chr10	58	2583	135534747	1.90578e-05
chr11	0	62020279	135006516	0.459387
chr11	1	23427366	135006516	0.173528
chr11	2	17020384	135006516	0.126071
chr11	3	9829819	135006516	0.07281
chr11	4	6395177	135006516	0.0473694
chr11	5	3734924	135006516	0.0276648
chr11	6	3627702	135006516	0.0268706
chr11	7	2008964	135006516	0.0148805
chr11	8	1828832	135006516	0.0135462
chr11	9	1360268	135006516	0.0100756
chr11	10	786175	135006516	0.00582324
chr11	11	696390	135006516	0.0051582
chr11	12	445314	135006516	0.00329846
chr11	13	456223	135006516	0.00337927
chr11	14	202159	135006516	0.0014974
chr11	15	324539	135006516	0.00240388
chr11	16	114536	135006516	0.000848374
chr11	17	89233	135006516	0.000660953
chr11	18	98770	135006516	0.000731594
chr11	19	89950	135006516	0.000666264
chr11	20	108883	135006516	0.000806502
chr11	21	61573	135006516	0.000456074
chr11	22	40855	135006516	0.000302615
chr11	23	62201	135006516	0.000460726
chr11	24	52982	135006516	0.00039244
chr11	25	46263	135006516	0.000342672
chr11	26	35770	135006516	0.00026495
chr11	27	13183	135006516	9.76471e-05
chr11	28	9607	135006516	7.11595e-05
chr11	29	6083	135006516	4.50571e-05
chr11	30	7639	135006516	5.65825e-05
chr11	31	2708	135006516	2.00583e-05
chr11	32	1731	135006516	1.28216e-05
chr11	33	14	135006516	1.03699e-07
chr11	35	2	135006516	1.48141e-08
chr11	37	1	135006516	7.40705e-09
chr11	38	1	135006516	7.40705e-09
chr11	41	16	135006516	1.18513e-07
chr12	0	57819075	133851895	0.431963
chr12	1	22801563	133851895	0.170349
chr12	2	17607769	133851895	0.131547
chr12	3	9988559	133851895	0.074624
chr12	4	7451518	133851895	0.0556699
chr12	5	4116139	133851895	0.0307514
chr12	6	4452135	133851895	0.0332616
chr12	7	2266927	133851895	0.0169361
chr12	8	1521128	133851895	0.0113643
chr12	9	1106550	133851895	0.00826697
chr12	10	1114485	133851895	0.00832625
chr12	11	947700	133851895	0.00708021
chr12	12	692845	133851895	0.00517621
chr12	13	364601	133851895	0.00272391
chr12	14	288056	133851895	0.00215205
chr12	15	155164	133851895	0.00115922
chr12	16	114070	133851895	0.000852211
chr12	17	213297	133851895	0.00159353
chr12	18	131146	133851895	0.000979784
chr12	19	114532	133851895	0.000855662
chr12	20	73675	133851895	0.000550422
chr12	21	83202	133851895	0.000621597
chr12	22	45421	133851895	0.000339338
chr12	23	43814	133851895	0.000327332
chr12	24	63840	133851895	0.000476945
chr12	25	89093	133851895	0.000665609
chr12	26	61109	133851895	0.000456542
chr12	27	34859	133851895	0.00026043
chr12	28	20252	133851895	0.000151302
chr12	29	19783	133851895	0.000147798
chr12	30	10168	133851895	7.59646e-05
chr12	31	9798	133851895	7.32003e-05
chr12	32	10263	133851895	7.66743e-05
chr12	33	2639	133851895	1.97158e-05
chr12	34	6013	133851895	4.49228e-05
chr12	35	2326	133851895	1.73774e-05
chr12	36	474	133851895	3.54123e-06
chr12	38	727	133851895	5.43138e-06
chr12	41	96	133851895	7.17211e-07
chr12	49	4343	133851895	3.24463e-05
chr12	52	672	133851895	5.02047e-06
chr12	56	2007	133851895	1.49942e-05
chr12	57	62	133851895	4.63199e-07
chr13	0	72775308	115169878	0.631895
chr13	1	18575007	115169878	0.161284
chr13	2	9462594	115169878	0.0821621
chr13	3	4881401	115169878	0.0423844
chr13	4	3141423	115169878	0.0272764
chr13	5	2143092	115169878	0.0186081
chr13	6	1612047	115169878	0.0139971
chr13	7	969336	115169878	0.00841658
chr13	8	681437	115169878	0.0059168
chr13	9	329333	115169878	0.00285954
chr13	10	272064	115169878	0.00236228
chr13	11	84829	115169878	0.000736555
chr13	12	73967	115169878	0.000642243
chr13	13	24027	115169878	0.000208622
chr13	14	21010	115169878	0.000182426
chr13	15	17748	115169878	0.000154103
chr13	16	16014	115169878	0.000139047
chr13	17	21053	115169878	0.0001828
chr13	18	7533	115169878	6.54077e-05
chr13	19	3111	115169878	2.70123e-05
chr13	20	19197	115169878	0.000166684
chr13	21	17603	115169878	0.000152844
chr13	22	6471	115169878	5.61866e-05
chr13	23	5714	115169878	4.96137e-05
chr13	24	7006	115169878	6.08319e-05
chr13	25	981	115169878	8.51785e-06
chr13	26	371	115169878	3.22133e-06
chr13	38	201	115169878	1.74525e-06
chr14	0	57109212	107349540	0.531993
chr14	1	14919786	107349540	0.138983
chr14	2	11613448	107349540	0.108183
chr14	3	7688129	107349540	0.0716177
chr14	4	4902313	107349540	0.0456668
chr14	5	2768415	107349540	0.0257888
chr14	6	2464500	107349540	0.0229577
chr14	7	1527102	107349540	0.0142255
chr14	8	1191226	107349540	0.0110967
chr14	9	588272	107349540	0.00547997
chr14	10	608129	107349540	0.00566494
chr14	11	364125	107349540	0.00339196
chr14	12	243446	107349540	0.00226779
chr14	13	215078	107349540	0.00200353
chr14	14	141527	107349540	0.00131838
chr14	15	308249	107349540	0.00287145
chr14	16	212102	107349540	0.00197581
chr14	17	86098	107349540	0.000802034
chr14	18	140733	107349540	0.00131098
chr14	19	35522	107349540	0.0003309
chr14	20	39161	107349540	0.000364799
chr14	21	17727	107349540	0.000165133
chr14	22	12570	107349540	0.000117094
chr14	23	8714	107349540	8.11741e-05
chr14	24	14686	107349540	0.000136805
chr14	25	6072	107349540	5.65629e-05
chr14	26	1964	107349540	1.82954e-05
chr14	27	622	107349540	5.79416e-06
chr14	28	5597	107349540	5.21381e-05
chr14	29	2030	107349540	1.89102e-05
chr14	30	1798	107349540	1.6749e-05
chr14	31	41	107349540	3.8193e-07
chr14	34	8832	107349540	8.22733e-05
chr14	35	37880	107349540	0.000352866
chr14	36	413	107349540	3.84725e-06
chr14	37	18323	107349540	0.000170685
chr14	38	8286	107349540	7.71871e-05
chr14	39	11411	107349540	0.000106298
chr14	40	2125	107349540	1.97951e-05
chr14	43	12312	107349540	0.000114691
chr14	44	566	107349540	5.2725e-06
chr14	45	2745	107349540	2.55707e-05
chr14	46	1249	107349540	1.16349e-05
chr14	47	436	107349540	4.0615e-06
chr14	48	5446	107349540	5.07315e-05
chr14	49	1089	107349540	1.01444e-05
chr14	50	33	107349540	3.07407e-07
chr15	0	50395310	102531392	0.491511
chr15	1	15843456	102531392	0.154523
chr15	2	12531565	102531392	0.122222
chr15	3	7405674	102531392	0.0722284
chr15	4	5501591	102531392	0.0536576
chr15	5	3364035	102531392	0.0328098
chr15	6	2067779	102531392	0.0201673
chr15	7	1575199	102531392	0.0153631
chr15	8	873742	102531392	0.0085217
chr15	9	664406	102531392	0.00648003
chr15	10	449358	102531392	0.00438264
chr15	11	329452	102531392	0.00321318
chr15	12	388838	102531392	0.00379238
chr15	13	237123	102531392	0.00231269
chr15	14	143033	102531392	0.00139502
chr15	15	130712	102531392	0.00127485
chr15	16	155457	102531392	0.00151619
chr15	17	151997	102531392	0.00148244
chr15	18	64747	102531392	0.000631485
chr15	19	48644	102531392	0.00047443
chr15	20	27763	102531392	0.000270776
chr15	21	43580	102531392	0.000425041
chr15	22	29108	102531392	0.000283894
chr15	23	18010	102531392	0.000175654
chr15	24	14053	102531392	0.00013706
chr15	25	12315	102531392	0.00012011
chr15	26	26031	102531392	0.000253883
chr15	27	18282	102531392	0.000178306
chr15	28	15489	102531392	0.000151066
chr15	29	890	102531392	8.68027e-06
chr15	30	3572	102531392	3.48381e-05
chr15	31	134	102531392	1.30692e-06
chr15	32	25	102531392	2.43828e-07
chr15	58	22	102531392	2.14568e-07
chr16	0	40357080	90354753	0.446651
chr16	1	15307843	90354753	0.169419
chr16	2	11342997	90354753	0.125538
chr16	3	6617745	90354753	0.0732418
chr16	4	4797310	90354753	0.0530942
chr16	5	3081787	90354753	0.0341076
chr16	6	2223450	90354753	0.024608
chr16	7	1348207	90354753	0.0149213
chr16	8	1271021	90354753	0.014067
chr16	9	689470	90354753	0.0076307
chr16	10	403715	90354753	0.00446811
chr16	11	443779	90354753	0.00491152
chr16	12	304519	90354753	0.00337026
chr16	13	312099	90354753	0.00345415
chr16	14	248426	90354753	0.00274945
chr16	15	340307	90354753	0.00376634
chr16	16	267079	90354753	0.00295589
chr16	17	166899	90354753	0.00184715
chr16	18	126014	90354753	0.00139466
chr16	19	65160	90354753	0.000721157
chr16	20	34134	90354753	0.000377778
chr16	21	107116	90354753	0.0011855
chr16	22	48435	90354753	0.000536054
chr16	23	20858	90354753	0.000230846
chr16	24	23382	90354753	0.00025878
chr16	25	26861	90354753	0.000297284
chr16	26	36234	90354753	0.000401019
chr16	27	65152	90354753	0.000721069
chr16	28	8558	90354753	9.47155e-05
chr16	29	18088	90354753	0.000200189
chr16	30	22077	90354753	0.000244337
chr16	31	98479	90354753	0.00108992
chr16	32	22335	90354753	0.000247192
chr16	33	55785	90354753	0.0006174
chr16	34	33873	90354753	0.000374889
chr16	35	1025	90354753	1.13442e-05
chr16	36	1182	90354753	1.30818e-05
chr16	37	455	90354753	5.03571e-06
chr16	38	1109	90354753	1.22738e-05
chr16	39	1897	90354753	2.0995e-05
chr16	40	54	90354753	5.97644e-07
chr16	42	919	90354753	1.0171e-05
chr16	44	857	90354753	9.48484e-06
chr16	46	3188	90354753	3.52831e-05
chr16	47	6970	90354753	7.71404e-05
chr16	48	823	90354753	9.10854e-06
chr17	0	27827853	81195210	0.342728
chr17	1	14678373	81195210	0.180779
chr17	2	12040644	81195210	0.148293
chr17	3	8942803	81195210	0.11014
chr17	4	5665058	81195210	0.0697708
chr17	5	3819078	81195210	0.0470358
chr17	6	2211706	81195210	0.0272394
chr17	7	1507697	81195210	0.0185688
chr17	8	1059077	81195210	0.0130436
chr17	9	806433	81195210	0.00993203
chr17	10	720971	81195210	0.00887948
chr17	11	467782	81195210	0.0057612
chr17	12	317207	81195210	0.00390672
chr17	13	319741	81195210	0.00393793
chr17	14	195957	81195210	0.00241341
chr17	15	101645	81195210	0.00125186
chr17	16	89823	81195210	0.00110626
chr17	17	80721	81195210	0.00099416
chr17	18	87903	81195210	0.00108261
chr17	19	47827	81195210	0.000589037
chr17	20	18831	81195210	0.000231923
chr17	21	23023	81195210	0.000283551
chr17	22	18874	81195210	0.000232452
chr17	23	16102	81195210	0.000198312
chr17	24	10703	81195210	0.000131818
chr17	25	17958	81195210	0.000221171
chr17	26	16400	81195210	0.000201982
chr17	27	15764	81195210	0.000194149
chr17	28	16216	81195210	0.000199716
chr17	29	12747	81195210	0.000156992
chr17	30	11152	81195210	0.000137348
chr17	31	2735	81195210	3.36843e-05
chr17	32	1893	81195210	2.33142e-05
chr17	33	6958	81195210	8.56947e-05
chr17	34	4736	81195210	5.83286e-05
chr17	35	4530	81195210	5.57915e-05
chr17	36	763	81195210	9.39711e-06
chr17	37	1222	81195210	1.50501e-05
chr17	38	365	81195210	4.49534e-06
chr17	39	1455	81195210	1.79198e-05
chr17	41	622	81195210	7.66055e-06
chr17	42	1996	81195210	2.45827e-05
chr17	43	493	81195210	6.07179e-06
chr17	44	91	81195210	1.12076e-06
chr17	45	1282	81195210	1.57891e-05
chr18	0	42307285	78077248	0.541864
chr18	1	12007168	78077248	0.153786
chr18	2	9094226	78077248	0.116477
chr18	3	4947271	78077248	0.0633638
chr18	4	3448911	78077248	0.0441731
chr18	5	1422797	78077248	0.0182229
chr18	6	897405	78077248	0.0114938
chr18	7	675343	78077248	0.00864968
chr18	8	1373167	78077248	0.0175873
chr18	9	674715	78077248	0.00864163
chr18	10	179303	78077248	0.00229648
chr18	11	420623	78077248	0.00538727
chr18	12	154903	78077248	0.00198397
chr18	13	102349	78077248	0.00131087
chr18	14	72362	78077248	0.0009268
chr18	15	77980	78077248	0.000998755
chr18	16	70012	78077248	0.000896702
chr18	17	32572	78077248	0.000417177
chr18	18	13470	78077248	0.000172521
chr18	19	11801	78077248	0.000151145
chr18	20	3295	78077248	4.22018e-05
chr18	21	2330	78077248	2.98422e-05
chr18	22	4135	78077248	5.29604e-05
chr18	23	21508	78077248	0.000275471
chr18	24	9801	78077248	0.00012553
chr18	25	8224	78077248	0.000105332
chr18	26	2452	78077248	3.14048e-05
chr18	27	4399	78077248	5.63416e-05
chr18	28	2228	78077248	2.85358e-05
chr18	29	1543	78077248	1.97625e-05
chr18	30	5711	78077248	7.31455e-05
chr18	31	2678	78077248	3.42994e-05
chr18	32	9182	78077248	0.000117601
chr18	33	1956	78077248	2.50521e-05
chr18	34	1838	78077248	2.35408e-05
chr18	35	9500	78077248	0.000121674
chr18	36	414	78077248	5.30244e-06
chr18	37	177	78077248	2.26699e-06
chr18	38	2214	78077248	2.83565e-05
chr19	0	14313494	59128983	0.242072
chr19	1	9056724	59128983	0.153169
chr19	2	8368434	59128983	0.141528
chr19	3	6146757	59128983	0.103955
chr19	4	4641947	59128983	0.0785054
chr19	5	3210106	59128983	0.0542899
chr19	6	2361905	59128983	0.039945
chr19	7	2047867	59128983	0.0346339
chr19	8	1459846	59128983	0.0246892
chr19	9	1107200	59128983	0.0187252
chr19	10	914696	59128983	0.0154695
chr19	11	811011	59128983	0.013716
chr19	12	698962	59128983	0.011821
chr19	13	617696	59128983	0.0104466
chr19	14	396962	59128983	0.00671349
chr19	15	320558	59128983	0.00542133
chr19	16	242421	59128983	0.00409987
chr19	17	229122	59128983	0.00387495
chr19	18	218970	59128983	0.00370326
chr19	19	172574	59128983	0.0029186
chr19	20	156335	59128983	0.00264397
chr19	21	126368	59128983	0.00213716
chr19	22	118357	59128983	0.00200167
chr19	23	103154	59128983	0.00174456
chr19	24	110417	59128983	0.00186739
chr19	25	80754	59128983	0.00136573
chr19	26	84868	59128983	0.0014353
chr19	27	68605	59128983	0.00116026
chr19	28	69537	59128983	0.00117602
chr19	29	87751	59128983	0.00148406
chr19	30	78517	59128983	0.00132789
chr19	31	46186	59128983	0.000781106
chr19	32	59754	59128983	0.00101057
chr19	33	83664	59128983	0.00141494
chr19	34	63880	59128983	0.00108035
chr19	35	70204	59128983	0.0011873
chr19	36	39681	59128983	0.000671092
chr19	37	29122	59128983	0.000492516
chr19	38	32949	59128983	0.000557239
chr19	39	37818	59128983	0.000639585
chr19	40	29957	59128983	0.000506638
chr19	41	42558	59128983	0.000719749
chr19	42	34394	59128983	0.000581677
chr19	43	14597	59128983	0.000246867
chr19	44	27868	59128983	0.000471309
chr19	45	21923	59128983	0.000370766
chr19	46	24990	59128983	0.000422635
chr19	47	11018	59128983	0.000186338
chr19	48	4880	59128983	8.25314e-05
chr19	49	4139	59128983	6.99995e-05
chr19	50	9727	59128983	0.000164505
chr19	51	8081	59128983	0.000136667
chr19	52	8393	59128983	0.000141944
chr19	53	686	59128983	1.16018e-05
chr19	54	599	59128983	1.01304e-05
chr20	0	29839297	63025520	0.473448
chr20	1	9401930	63025520	0.149177
chr20	2	8681431	63025520	0.137745
chr20	3	4923577	63025520	0.0781204
chr20	4	2762469	63025520	0.043831
chr20	5	1522124	63025520	0.0241509
chr20	6	1408527	63025520	0.0223485
chr20	7	798339	63025520	0.0126669
chr20	8	650143	63025520	0.0103156
chr20	9	623236	63025520	0.00988863
chr20	10	1025512	63025520	0.0162714
chr20	11	301387	63025520	0.00478198
chr20	12	270871	63025520	0.0042978
chr20	13	112709	63025520	0.00178831
chr20	14	139336	63025520	0.00221079
chr20	15	195127	63025520	0.003096
chr20	16	60944	63025520	0.000966973
chr20	17	43510	63025520	0.000690355
chr20	18	63295	63025520	0.00100428
chr20	19	62369	63025520	0.000989583
chr20	20	22227	63025520	0.000352667
chr20	21	21868	63025520	0.000346971
chr20	22	14214	63025520	0.000225528
chr20	23	14119	63025520	0.00022402
chr20	24	16274	63025520	0.000258213
chr20	25	28513	63025520	0.000452404
chr20	26	11909	63025520	0.000188955
chr20	27	2968	63025520	4.7092e-05
chr20	28	1739	63025520	2.7592e-05
chr20	29	1388	63025520	2.20228e-05
chr20	30	1026	63025520	1.62791e-05
chr20	31	3142	63025520	4.98528e-05
chr21	0	29498340	48129895	0.61289
chr21	1	5092184	48129895	0.105801
chr21	2	3851410	48129895	0.0800212
chr21	3	2874404	48129895	0.0597218
chr21	4	1683588	48129895	0.0349801
chr21	5	1124878	48129895	0.0233717
chr21	6	1057302	48129895	0.0219677
chr21	7	496551	48129895	0.0103169
chr21	8	404495	48129895	0.00840424
chr21	9	429611	48129895	0.00892607
chr21	10	523775	48129895	0.0108825
chr21	11	151938	48129895	0.00315683
chr21	12	131524	48129895	0.00273269
chr21	13	260719	48129895	0.00541699
chr21	14	48720	48129895	0.00101226
chr21	15	32571	48129895	0.000676731
chr21	16	220553	48129895	0.00458245
chr21	17	62825	48129895	0.00130532
chr21	18	62311	48129895	0.00129464
chr21	19	25968	48129895	0.00053954
chr21	20	19720	48129895	0.000409725
chr21	21	12703	48129895	0.000263932
chr21	22	10009	48129895	0.000207958
chr21	23	8225	48129895	0.000170892
chr21	24	3564	48129895	7.40496e-05
chr21	25	7393	48129895	0.000153605
chr21	26	6226	48129895	0.000129358
chr21	27	2596	48129895	5.39374e-05
chr21	28	5640	48129895	0.000117183
chr21	29	3094	48129895	6.42844e-05
chr21	30	4884	48129895	0.000101475
chr21	31	5693	48129895	0.000118284
chr21	32	4539	48129895	9.43073e-05
chr21	33	156	48129895	3.24123e-06
chr21	35	177	48129895	3.67755e-06
chr21	36	521	48129895	1.08249e-05
chr21	37	1075	48129895	2.23354e-05
chr21	38	13	48129895	2.70102e-07
chr22	0	25504918	51304566	0.497128
chr22	1	5890557	51304566	0.114815
chr22	2	5499186	51304566	0.107187
chr22	3	4142405	51304566	0.0807414
chr22	4	2691988	51304566	0.0524707
chr22	5	1830609	51304566	0.0356812
chr22	6	1196742	51304566	0.0233262
chr22	7	1316991	51304566	0.0256701
chr22	8	802311	51304566	0.0156382
chr22	9	820259	51304566	0.015988
chr22	10	462230	51304566	0.00900953
chr22	11	229766	51304566	0.00447847
chr22	12	154926	51304566	0.00301973
chr22	13	172172	51304566	0.00335588
chr22	14	93121	51304566	0.00181506
chr22	15	51039	51304566	0.000994824
chr22	16	30636	51304566	0.00059714
chr22	17	45468	51304566	0.000886237
chr22	18	18917	51304566	0.00036872
chr22	19	13047	51304566	0.000254305
chr22	20	11469	51304566	0.000223547
chr22	21	9537	51304566	0.00018589
chr22	22	1557	51304566	3.03482e-05
chr22	23	14266	51304566	0.000278065
chr22	24	125564	51304566	0.00244742
chr22	25	85427	51304566	0.0016651
chr22	26	34794	51304566	0.000678185
chr22	27	2435	51304566	4.74617e-05
chr22	28	3132	51304566	6.10472e-05
chr22	29	14	51304566	2.7288e-07
chr22	31	521	51304566	1.0155e-05
chr22	33	467	51304566	9.1025e-06
chr22	34	25	51304566	4.87286e-07
chr22	38	3006	51304566	5.85913e-05
chr22	39	3663	51304566	7.13972e-05
chr22	40	1918	51304566	3.73846e-05
chr22	41	319	51304566	6.21777e-06
chr22	42	60	51304566	1.16949e-06
chr22	49	828	51304566	1.61389e-05
chr22	50	25949	51304566	0.000505783
chr22	51	11037	51304566	0.000215127
chr22	52	1235	51304566	2.40719e-05
chr22	53	55	51304566	1.07203e-06
chrX	0	84277101	155270560	0.542776
chrX	1	27313587	155270560	0.17591
chrX	2	17101828	155270560	0.110142
chrX	3	9493625	155270560	0.0611425
chrX	4	6296812	155270560	0.0405538
chrX	5	3268922	155270560	0.0210531
chrX	6	2187399	155270560	0.0140877
chrX	7	1222432	155270560	0.00787292
chrX	8	1583326	155270560	0.0101972
chrX	9	665017	155270560	0.00428296
chrX	10	433451	155270560	0.00279159
chrX	11	439704	155270560	0.00283186
chrX	12	276158	155270560	0.00177856
chrX	13	178723	155270560	0.00115104
chrX	14	134635	155270560	0.000867099
chrX	15	79077	155270560	0.000509285
chrX	16	47133	155270560	0.000303554
chrX	17	59182	155270560	0.000381154
chrX	18	27009	155270560	0.000173948
chrX	19	21620	155270560	0.000139241
chrX	20	8804	155270560	5.6701e-05
chrX	21	4927	155270560	3.17317e-05
chrX	22	7276	155270560	4.68601e-05
chrX	23	6381	155270560	4.1096e-05
chrX	24	4177	155270560	2.69014e-05
chrX	25	21543	155270560	0.000138745
chrX	26	17799	155270560	0.000114632
chrX	27	30090	155270560	0.000193791
chrX	28	12302	155270560	7.92294e-05
chrX	29	8001	155270560	5.15294e-05
chrX	30	6804	155270560	4.38203e-05
chrX	31	7109	155270560	4.57846e-05
chrX	32	5044	155270560	3.24852e-05
chrX	33	7688	155270560	4.95136e-05
chrX	34	5860	155270560	3.77406e-05
chrX	35	3665	155270560	2.3604e-05
chrX	36	4577	155270560	2.94776e-05
chrX	37	592	155270560	3.8127e-06
chrX	38	213	155270560	1.3718e-06
chrX	40	967	155270560	6.22784e-06
chrY	0	51145359	59373566	0.861416
chrY	1	4243307	59373566	0.0714679
chrY	2	1729027	59373566	0.0291212
chrY	3	721962	59373566	0.0121597
chrY	4	439747	59373566	0.00740644
chrY	5	306196	59373566	0.00515711
chrY	6	196484	59373566	0.00330928
chrY	7	134425	59373566	0.00226405
chrY	8	97079	59373566	0.00163505
chrY	9	147966	59373566	0.00249212
chrY	10	38597	59373566	0.00065007
chrY	11	74701	59373566	0.00125815
chrY	12	17562	59373566	0.000295788
chrY	13	19582	59373566	0.00032981
chrY	14	12086	59373566	0.000203559
chrY	15	12975	59373566	0.000218532
chrY	16	9747	59373566	0.000164164
chrY	17	12225	59373566	0.0002059
chrY	18	5567	59373566	9.37623e-05
chrY	19	5343	59373566	8.99895e-05
chrY	20	757	59373566	1.27498e-05
chrY	21	2847	59373566	4.79506e-05
chrY	22	25	59373566	4.21063e-07
genome	0	1527106459	3095677412	0.493303
genome	1	511165360	3095677412	0.165122
genome	2	359152515	3095677412	0.116017
genome	3	215873396	3095677412	0.0697338
genome	4	150498101	3095677412	0.0486156
genome	5	90765401	3095677412	0.02932
genome	6	64533371	3095677412	0.0208463
genome	7	41177013	3095677412	0.0133015
genome	8	33880643	3095677412	0.0109445
genome	9	23920028	3095677412	0.00772691
genome	10	17112546	3095677412	0.00552788
genome	11	12646333	3095677412	0.00408516
genome	12	9133062	3095677412	0.00295026
genome	13	6730859	3095677412	0.00217428
genome	14	5904148	3095677412	0.00190722
genome	15	4810950	3095677412	0.00155409
genome	16	3805037	3095677412	0.00122915
genome	17	2751638	3095677412	0.000888865
genome	18	2335634	3095677412	0.000754482
genome	19	1601440	3095677412	0.000517315
genome	20	1650450	3095677412	0.000533147
genome	21	1166425	3095677412	0.000376792
genome	22	954336	3095677412	0.00030828
genome	23	697518	3095677412	0.00022532
genome	24	819108	3095677412	0.000264597
genome	25	896396	3095677412	0.000289564
genome	26	577281	3095677412	0.00018648
genome	27	700159	3095677412	0.000226173
genome	28	399260	3095677412	0.000128973
genome	29	367454	3095677412	0.000118699
genome	30	411487	3095677412	0.000132923
genome	31	315077	3095677412	0.00010178
genome	32	222065	3095677412	7.17339e-05
genome	33	216594	3095677412	6.99666e-05
genome	34	158714	3095677412	5.12696e-05
genome	35	161962	3095677412	5.23188e-05
genome	36	126142	3095677412	4.07478e-05
genome	37	92538	3095677412	2.98926e-05
genome	38	92934	3095677412	3.00206e-05
genome	39	94536	3095677412	3.05381e-05
genome	40	53523	3095677412	1.72896e-05
genome	41	83907	3095677412	2.71046e-05
genome	42	43456	3095677412	1.40376e-05
genome	43	63261	3095677412	2.04353e-05
genome	44	43354	3095677412	1.40047e-05
genome	45	32663	3095677412	1.05512e-05
genome	46	35023	3095677412	1.13135e-05
genome	47	73365	3095677412	2.36992e-05
genome	48	44838	3095677412	1.44841e-05
genome	49	32671	3095677412	1.05537e-05
genome	50	46135	3095677412	1.4903e-05
genome	51	21396	3095677412	6.91157e-06
genome	52	12405	3095677412	4.0072e-06
genome	53	23232	3095677412	7.50466e-06
genome	54	6112	3095677412	1.97437e-06
genome	56	16683	3095677412	5.38913e-06
genome	57	10617	3095677412	3.42962e-06
genome	58	3464	3095677412	1.11898e-06
genome	59	56	3095677412	1.80897e-08
genome	63	6553	3095677412	2.11682e-06
genome	64	328	3095677412	1.05954e-07
